42
35
94
82
86
30
103
31
83
9
13
31
38
70
32
109
3500
107
8200
105
89
3900
55
9400
38
99
4800
42
98
76
89
99
36
43
59
52
82
133
106
52
81
60
126
63
97
121
129
135
70
80
100
101
103
121
149
72
97
145
156
129
144
140
89
151
93
112
94
117
131
90
129
78
168
79
148
111
155
174
138
156
131
143
177
160
153
175
162
126
106
163
169
104
115
186
138
181
169
131
122
136
185
178
142
190
184
162
109
172
110
119
168
169
144
197
211
141
144
176
130
135
124
209
177
220
217
157
195
137
149
173
221
173
202
170
218
198
202
157
162
218
140
186
163
169
221
184
155
181
158
228
160
168
167
187
193
201
233
229
158
222
244
224
249
237
192
236
233
198
185
192
243
260
201
233
203
206
272
270
181
223
262
271
197
185
216
186
280
279
224
210
257
197
262
290
255
240
271
250
199
246
262
248
275
218
291
286
240
284
235
229
213
252
293
273
290
301
278
272
256
261
228
276
229
281
272
253
242
301
269
279
231
285
251
247
272
254
324
267
325
304
310
259
331
324
337
307
285
325
254
298
323
259
263
332
346
351
337
319
332
285
260
358
347
287
306
302
360
365
355
334
352
318
323
299
362
370
325
303
338
356
374
333
374
330
325
384
348
306
349
367
363
292
332
357
337
345
303
338
360
330
385
342
311
373
332
340
328
399
329
398
339
347
332
323
317
402
321
337
414
371
361
364
364
329
411
343
358
343
412
361
340
427
393
343
399
370
352
392
363
386
406
393
346
413
348
370
416
374
367
360
393
394
420
360
383
416
443
380
369
456
371
361
456
380
403
425
415
404
464
442
460
388
383
382
424
391
468
384
387
426
427
423
402
478
470
418
420
442
479
400
472
449
408
477
451
486
452
472
497
424
439
462
426
432
472
466
437
441
470
499
465
440
478
496
426
456
480
450
495
439
420
467
465
445
445
460
454
449
518
436
483
505
445
440
463
451
526
442
521
446
457
458
507
506
503
541
460
543
484
484
547
478
472
509
486
457
468
552
481
512
495
501
514
480
547
544
549
557
544
537
516
551
530
521
557
556
566
496
495
520
508
532
538
504
526
490
509
488
556
500
536
527
551
579
570
537
567
594
589
529
502
578
529
519
580
532
507
563
512
556
562
586
608
586
578
572
547
534
542
535
586
608
539
556
569
554
567
555
627
590
539
559
589
627
573
543
599
551
609
638
559
584
626
634
567
555
635
607
645
570
635
614
625
624
566
560
573
607
621
639
639
648
643
645
572
575
629
666
636
618
594
603
574
614
659
579
661
629
627
613
675
588
603
636
605
616
644
618
635
680
687
648
646
601
629
688
695
646
614
697
633
689
688
615
698
637
701
694
666
649
629
661
705
613
697
634
650
696
622
640
672
686
690
703
684
695
644
671
646
632
651
727
668
704
661
712
721
649
660
643
715
704
728
667
648
734
742
663
717
696
700
750
675
738
658
711
685
696
693
712
662
721
663
677
741
751
678
702
742
742
747
713
703
696
741
725
759
773
730
740
753
761
702
709
684
774
755
773
710
746
728
735
754
701
777
759
779
734
750
701
706
776
748
749
754
715
796
792
806
752
789
768
734
785
800
753
784
772
781
745
746
743
761
809
779
760
758
768
774
738
815
763
799
807
745
786
821
759
813
811
802
790
818
776
801
745
753
793
834
771
807
774
841
793
816
810
772
782
838
833
778
765
855
787
860
827
795
785
851
818
863
855
806
838
786
819
817
870
810
846
874
810
839
864
875
794
876
849
845
855
889
833
840
832
847
843
830
857
821
893
884
855
804
815
850
882
898
838
811
898
872
903
857
895
855
845
885
849
842
819
826
828
882
841
899
872
851
844
867
851
921
887
925
885
878
845
918
873
928
869
905
855
856
929
877
897
932
902
875
849
903
879
916
883
863
952
927
899
879
941
874
930
957
931
937
910
918
881
935
891
920
935
885
947
937
964
909
952
922
914
935
936
928
902
962
970
974
955
921
979
931
894
963
979
898
912
980
909
940
997
904
952
924
953
994
928
942
955
938
960
1008
979
959
997
916
999
992
1003
968
926
1008
923
926
937
959
984
948
1011
1006
1010
947
938
1006
936
1022
962
941
937
982
986
994
1025
983
989
962
968
1010
1019
975
1028
961
1032
976
995
1037
976
997
1027
1047
995
968
1025
997
1062
968
1023
1036
991
993
1025
990
1022
1020
979
1004
1025
1061
1037
1045
989
1026
1055
1076
1033
1005
1070
1056
1027
1025
1059
1006
1029
1073
1082
1032
1065
1026
1089
1088
1096
